796560443700367085
494990595776347182
372738127920244286
727631226153427513
184759613098384602
978060116473030375
785025731791317726
807457374749258520
215302269407991300
505347344108010483
798560443700367085
494990595778847132
372738127920244286
727831226153421513
184759813093884602
913060118473080315
135025731791317728
301457874149258520
215302269407991300
505341344106010488
198560443700367085
494990595178847182
812738127920244286
127831226153427518
184159613098884802
978060116473080315
185025731791317728
801457874749258520
215302289407991300
505341344108010488
196560443700367085
494990595176847182
812738127920244286
127631226153421518
184759613098884602
918060116473080315
185025731791317726
801457974749258520
215302269401991300
505341344156010488
796560443740367085
594990595776847182
872739127920244286
727631220153427518
184759613098884602
978060176473080375
285025751791317726
807457874749258520
215362269407991300
505304344106010488
796560443700367085
494990595776847182
872738124920244286
727634226153427518
184759613098884602
978064116473080375
785025731791317726
807457474744258520
215302269407991300
505347344406010488
